>>> from numpy import *
>>> from numpy.linalg import svd


A = array ([( 1.,  0.,  0.,  1.,  0.,  0.,  0.,  0.,  0.),
       ( 1.,  0.,  1.,  0.,  0.,  0.,  0.,  0.,  0.),
       ( 1.,  1.,  0.,  0.,  0.,  0.,  0.,  0.,  0.),
       ( 0.,  1.,  1.,  0.,  1.,  0.,  0.,  0.,  0.),
       ( 0.,  1.,  1.,  2.,  0.,  0.,  0.,  0.,  0.),
       ( 0.,  1.,  0.,  0.,  1.,  0.,  0.,  0.,  0.),
       ( 0.,  1.,  0.,  0.,  1.,  0.,  0.,  0.,  0.),
       ( 0.,  0.,  1.,  1.,  0.,  0.,  0.,  0.,  0.),
       ( 0.,  1.,  0.,  0.,  0.,  0.,  0.,  0.,  1.),
       ( 0.,  0.,  0.,  0.,  0.,  1.,  1.,  1.,  0.),
       ( 0.,  0.,  0.,  0.,  0.,  0.,  1.,  1.,  1.),
       ( 0.,  0.,  0.,  0.,  0.,  0.,  0.,  1.,  1.)])


>>> A
array([[ 1.,  0.,  0.,  1.,  0.,  0.,  0.,  0.,  0.],
       [ 1.,  0.,  1.,  0.,  0.,  0.,  0.,  0.,  0.],
       [ 1.,  1.,  0.,  0.,  0.,  0.,  0.,  0.,  0.],
       [ 0.,  1.,  1.,  0.,  1.,  0.,  0.,  0.,  0.],
       [ 0.,  1.,  1.,  2.,  0.,  0.,  0.,  0.,  0.],
       [ 0.,  1.,  0.,  0.,  1.,  0.,  0.,  0.,  0.],
       [ 0.,  1.,  0.,  0.,  1.,  0.,  0.,  0.,  0.],
       [ 0.,  0.,  1.,  1.,  0.,  0.,  0.,  0.,  0.],
       [ 0.,  1.,  0.,  0.,  0.,  0.,  0.,  0.,  1.],
       [ 0.,  0.,  0.,  0.,  0.,  1.,  1.,  1.,  0.],
       [ 0.,  0.,  0.,  0.,  0.,  0.,  1.,  1.,  1.],
       [ 0.,  0.,  0.,  0.,  0.,  0.,  0.,  1.,  1.]])

>>> U,sigma,V = svd(A)

>>> Sigma = zeros_like(A)

>>> n = min(A.shape)

>>> Sigma[:n,:n] = diag(sigma)

>>> print dot(U,dot(Sigma,V))
[[  1.00000000e+00   3.67761377e-16   3.40005801e-16   1.00000000e+00
   -3.05311332e-16  -2.49800181e-16   2.76688394e-16   4.02455846e-16
   -2.77555756e-17]
 [  1.00000000e+00   7.63278329e-16   1.00000000e+00   3.53449908e-16
    3.86843335e-16   1.04083409e-17   9.48676901e-17   4.68375339e-16
    1.56125113e-16]
 [  1.00000000e+00   1.00000000e+00   7.18175519e-16   3.97251676e-16
   -7.28583860e-16   4.16333634e-17  -3.85975973e-16  -7.77156117e-16
   -4.57966998e-16]
 [ -2.43674438e-16   1.00000000e+00   1.00000000e+00  -7.93093889e-17
    1.00000000e+00  -1.15359111e-16  -2.26909962e-16   4.25007252e-17
    4.57099636e-16]
 [ -3.76434994e-16   1.00000000e+00   1.00000000e+00   2.00000000e+00
   -3.33066907e-16   0.00000000e+00   2.51534904e-17  -1.45716772e-16
   -5.20417043e-16]
 [  5.48606299e-17   1.00000000e+00   7.11995567e-16   9.97465999e-17
    1.00000000e+00  -1.42247325e-16  -7.55146813e-17  -6.93889390e-17
    9.54097912e-17]
 [  3.90312782e-18   1.00000000e+00   6.58002298e-16  -8.67361738e-19
    1.00000000e+00  -1.75207071e-16  -2.92355116e-16  -3.12250226e-17
    3.88578059e-16]
 [ -4.18068358e-16   3.85108612e-16   1.00000000e+00   1.00000000e+00
    1.87350135e-16   1.17961196e-16   4.42354486e-17   1.11022302e-16
   -1.24900090e-16]
 [ -1.54390389e-16   1.00000000e+00   4.38017678e-16  -3.46944695e-17
   -4.02455846e-16   6.10622664e-16   6.42715048e-16   0.00000000e+00
    1.00000000e+00]
 [  3.55618313e-17  -2.84494650e-16   8.47412418e-16  -1.49186219e-16
   -4.78783679e-16   1.00000000e+00   1.00000000e+00   1.00000000e+00
    9.15933995e-16]
 [ -6.33174069e-17  -7.97972799e-17   7.93635990e-17   1.47451495e-16
   -1.45716772e-16   9.02056208e-17   1.00000000e+00   1.00000000e+00
    1.00000000e+00]
 [ -2.94902991e-17   5.89805982e-17  -2.45029691e-16   1.50053581e-16
    1.70002901e-16   5.27355937e-16   3.48245738e-16   1.00000000e+00
    1.00000000e+00]]

>>> U2=U[:,:2]

>>> U2
array([[-0.22135078, -0.11317962],
       [-0.1976454 , -0.07208778],
       [-0.24047023,  0.04315195],
       [-0.40359886,  0.05707026],
       [-0.64448115, -0.16730121],
       [-0.26503747,  0.10715957],
       [-0.26503747,  0.10715957],
       [-0.30082816, -0.14127047],
       [-0.20591786,  0.27364743],
       [-0.01274618,  0.49016179],
       [-0.03613585,  0.62278523],
       [-0.03175633,  0.45050892]])

>>> S2=Sigma[:2,:2]

>>> S2
array([[ 3.34088375,  0.        ],
       [ 0.        ,  2.541701  ]])


>>> V=transpose(V)
>>> V
array([[ -1.97392802e-01,  -5.59135178e-02,   1.10269729e-01,
         -9.49785024e-01,   4.56785564e-02,  -7.65935585e-02,
         -1.77318297e-01,   1.43932591e-02,   6.36922896e-02],
       [ -6.05990269e-01,   1.65592878e-01,  -4.97326494e-01,
         -2.86488989e-02,  -2.06327278e-01,  -2.56475221e-01,
          4.32984245e-01,  -4.93053257e-02,  -2.42782900e-01],
       [ -4.62917508e-01,  -1.27312062e-01,   2.07605953e-01,
          4.16091951e-02,   3.78336233e-01,   7.24399642e-01,
          2.36889703e-01,  -8.82550205e-03,  -2.40768748e-02],
       [ -5.42114417e-01,  -2.31755229e-01,   5.69921445e-01,
          2.67714038e-01,  -2.05604711e-01,  -3.68860901e-01,
         -2.64799523e-01,   1.94669439e-02,   8.42069017e-02],
       [ -2.79469108e-01,   1.06774717e-01,  -5.05449907e-01,
          1.50035433e-01,   3.27194409e-01,   3.48130498e-02,
         -6.72303530e-01,   5.83495626e-02,   2.62375876e-01],
       [ -3.81521297e-03,   1.92847936e-01,   9.81842398e-02,
          1.50814907e-02,   3.94841214e-01,  -3.00161116e-01,
          3.40839827e-01,  -4.54476523e-01,   6.19847194e-01],
       [ -1.46314675e-02,   4.37874883e-01,   1.92955572e-01,
          1.55071875e-02,   3.49485348e-01,  -2.12201424e-01,
          1.52194722e-01,   7.61527011e-01,  -1.79751825e-02],
       [ -2.41368353e-02,   6.15121899e-01,   2.52903979e-01,
          1.01990092e-02,   1.49798472e-01,   9.74341694e-05,
         -2.49145920e-01,  -4.49642757e-01,  -5.19890498e-01],
       [ -8.19573680e-02,   5.29937072e-01,   7.92731465e-02,
         -2.45549056e-02,  -6.01992995e-01,   3.62218973e-01,
         -3.80341889e-02,   6.96375497e-02,   4.53506755e-01]])

>>> V2=V[:,:2]

>>> V2
array([[-0.1973928 , -0.05591352],
       [-0.60599027,  0.16559288],
       [-0.46291751, -0.12731206],
       [-0.54211442, -0.23175523],
       [-0.27946911,  0.10677472],
       [-0.00381521,  0.19284794],
       [-0.01463147,  0.43787488],
       [-0.02413684,  0.6151219 ],
       [-0.08195737,  0.52993707]])

>>> A2=dot(U2,dot(S2,transpose(V2)))

>>> A2
array([[ 0.16205797,  0.40049828,  0.37895454,  0.46756626,  0.17595367,
        -0.05265495, -0.11514284, -0.15910198, -0.09183827],
       [ 0.14058529,  0.36980077,  0.32899603,  0.40042722,  0.16497247,
        -0.03281545, -0.07056857, -0.09676827, -0.04298073],
       [ 0.15244948,  0.50500444,  0.35793658,  0.41010678,  0.23623173,
         0.02421652,  0.05978051,  0.0868573 ,  0.12396632],
       [ 0.25804933,  0.84112343,  0.60571995,  0.69735717,  0.39231795,
         0.03311801,  0.08324491,  0.12177239,  0.18737973],
       [ 0.44878975,  1.23436483,  1.0508615 ,  1.26579559,  0.55633139,
        -0.07378998, -0.15469383, -0.20959816, -0.04887954],
       [ 0.15955428,  0.5816819 ,  0.37521897,  0.41689768,  0.27654052,
         0.05590374,  0.1322185 ,  0.18891146,  0.21690761],
       [ 0.15955428,  0.5816819 ,  0.37521897,  0.41689768,  0.27654052,
         0.05590374,  0.1322185 ,  0.18891146,  0.21690761],
       [ 0.21846278,  0.54958058,  0.51096047,  0.62805802,  0.24253607,
        -0.06541098, -0.14252146, -0.19661186, -0.1079133 ],
       [ 0.09690639,  0.53206438,  0.22991365,  0.21175363,  0.26652513,
         0.13675618,  0.31462078,  0.44444058,  0.42496948],
       [-0.06125388,  0.23210821, -0.1388984 , -0.26564589,  0.14492549,
         0.24042105,  0.54614717,  0.7673742 ,  0.66370933],
       [-0.06467702,  0.33528115, -0.14564055, -0.30140607,  0.20275641,
         0.30572612,  0.69489337,  0.97661121,  0.84874969],
       [-0.04308204,  0.25390566, -0.09666695, -0.20785821,  0.1519134 ,
         0.22122703,  0.50294488,  0.70691163,  0.6155044 ]])
>>> 
